0 0.452344 0.355859 0.679688 0.452344
0 0.268750 0.075781 0.275000 0.048438
0 0.219141 0.333594 0.197656 0.410938
0 0.245312 0.214453 0.221875 0.157031
0 0.205469 0.466406 0.123438 0.645312
0 0.366016 0.209766 0.466406 0.147656
0 0.260547 0.151172 0.236719 0.030469
0 0.135156 0.111719 0.039062 0.020312
0 0.325781 0.469922 0.364063 0.649219
0 0.092578 0.291797 0.011719 0.386719
0 0.222656 0.273438 0.220313 0.296875
0 0.055859 0.414844 0.035156 0.635937
0 0.466797 0.284766 0.705469 0.341406
0 0.497266 0.093750 0.778906 0.025000
0 0.441797 0.412109 0.655469 0.589844
0 0.439844 0.480078 0.623438 0.694531
0 0.365625 0.123047 0.537500 0.055469
0 0.058203 0.491016 0.036719 0.722656
0 0.179688 0.523438 0.121875 0.790625
0 0.196094 0.383984 0.192187 0.564844
0 0.304688 0.510938 0.353125 0.790625
0 0.407813 0.521875 0.621875 0.862500
0 0.525781 0.517188 0.845313 0.896875
0 0.521094 0.502734 0.873437 0.727344
0 0.325781 0.308203 0.457813 0.444531
0 0.516406 0.445312 0.901562 0.590625
0 0.453906 0.204297 0.764062 0.274219
0 0.331250 0.241797 0.531250 0.324219
0 0.032422 0.517578 0.019531 0.888281
0 0.372266 0.055859 0.560156 0.035156
0 0.137500 0.028906 0.050000 0.017187
0 0.508203 0.369531 0.950781 0.495312
0 0.085938 0.148828 0.059375 0.157031
0 0.291016 0.507422 0.341406 0.955469
0 0.171875 0.505859 0.093750 0.964844
0 0.331250 0.241797 0.531250 0.324219
0 0.496484 0.016016 0.821094 0.008594
0 0.077734 0.198438 0.052344 0.309375
