0 0.317969 0.235156 0.117188 0.126562
0 0.904687 0.945312 0.121875 0.106250
0 0.065625 0.157031 0.128125 0.139063
0 0.703125 0.767188 0.140625 0.150000
0 0.500000 0.532813 0.125000 0.128125
0 0.261719 0.486719 0.126562 0.132812
0 0.792969 0.259375 0.126562 0.137500
0 0.427344 0.907031 0.135937 0.132812
0 0.222656 0.730469 0.123438 0.117188
0 0.052344 0.292187 0.101562 0.134375
0 0.522656 0.409375 0.117188 0.115625
0 0.541406 0.286719 0.120313 0.132812
0 0.042969 0.407813 0.082812 0.112500
0 0.446094 0.789844 0.095312 0.095312
0 0.561719 0.163281 0.107813 0.117188
0 0.758594 0.516406 0.098437 0.107813
0 0.964844 0.576562 0.067187 0.096875
0 0.170313 0.960938 0.115625 0.078125
0 0.771094 0.389844 0.095312 0.098437
0 0.587500 0.039062 0.078125 0.075000
0 0.824219 0.127344 0.079687 0.095312
0 0.483594 0.661719 0.064062 0.070312
0 0.028906 0.531250 0.054688 0.128125
0 0.239844 0.602344 0.073438 0.070312
1 0.979688 0.458594 0.037500 0.057813
0 0.017188 0.657813 0.031250 0.125000
0 0.664062 0.907031 0.059375 0.064062
0 0.984375 0.325781 0.031250 0.104688
1 0.729688 0.652344 0.056250 0.057813
0 0.190625 0.853906 0.046875 0.054688
0 0.927344 0.833594 0.060937 0.073438
0 0.085938 0.036719 0.059375 0.064062
0 0.400000 0.986719 0.103125 0.026562
0 0.853906 0.014844 0.076563 0.029687
0 0.352344 0.106250 0.060937 0.046875
