0 0.927344 0.833594 0.060937 0.833594 0.060937 0.073438 0.927344 0.073438
1 0.729688 0.652344 0.056250 0.652344 0.056250 0.057813 0.729688 0.057813
0 0.400000 0.986719 0.103125 0.986719 0.103125 0.026562 0.400000 0.026562
0 0.984375 0.325781 0.031250 0.325781 0.031250 0.104688 0.984375 0.104688
0 0.190625 0.853906 0.046875 0.853906 0.046875 0.054688 0.190625 0.054688
0 0.792969 0.259375 0.126562 0.259375 0.126562 0.137500 0.792969 0.137500
0 0.222656 0.730469 0.123438 0.730469 0.123438 0.117188 0.222656 0.117188
0 0.170313 0.960938 0.115625 0.960938 0.115625 0.078125 0.170313 0.078125
0 0.824219 0.127344 0.079687 0.127344 0.079687 0.095312 0.824219 0.095312
0 0.317969 0.235156 0.117188 0.235156 0.117188 0.126562 0.317969 0.126562
0 0.561719 0.163281 0.107813 0.163281 0.107813 0.117188 0.561719 0.117188
0 0.587500 0.039062 0.078125 0.039062 0.078125 0.075000 0.587500 0.075000
0 0.352344 0.106250 0.060937 0.106250 0.060937 0.046875 0.352344 0.046875
0 0.042969 0.407813 0.082812 0.407813 0.082812 0.112500 0.042969 0.112500
0 0.853906 0.014844 0.076563 0.014844 0.076563 0.029687 0.853906 0.029687
0 0.028906 0.531250 0.054688 0.531250 0.054688 0.128125 0.028906 0.128125
0 0.052344 0.292187 0.101562 0.292187 0.101562 0.134375 0.052344 0.134375
0 0.017188 0.657813 0.031250 0.657813 0.031250 0.125000 0.017188 0.125000
0 0.065625 0.157031 0.128125 0.157031 0.128125 0.139063 0.065625 0.139063
0 0.085938 0.036719 0.059375 0.036719 0.059375 0.064062 0.085938 0.064062
