0 0.948438 0.965625 0.103125 0.965625 0.103125 0.068750 0.948438 0.068750
0 0.461719 0.985156 0.120313 0.985156 0.120313 0.029687 0.461719 0.029687
0 0.819531 0.455469 0.114062 0.455469 0.114062 0.114062 0.819531 0.114062
0 0.292187 0.666406 0.100000 0.666406 0.100000 0.101562 0.292187 0.101562
0 0.599219 0.283594 0.132812 0.283594 0.132812 0.135937 0.599219 0.135937
0 0.634375 0.150781 0.096875 0.150781 0.096875 0.095312 0.634375 0.095312
0 0.039844 0.852344 0.076563 0.852344 0.076563 0.129688 0.039844 0.129688
0 0.652344 0.038281 0.092188 0.038281 0.092188 0.073438 0.652344 0.073438
0 0.886719 0.081250 0.107813 0.081250 0.107813 0.106250 0.886719 0.106250
0 0.022656 0.961719 0.042188 0.961719 0.042188 0.073438 0.022656 0.073438
0 0.103906 0.353125 0.051562 0.353125 0.051562 0.043750 0.103906 0.043750
0 0.406250 0.051562 0.131250 0.051562 0.131250 0.100000 0.406250 0.100000
0 0.378906 0.166406 0.142187 0.166406 0.142187 0.135937 0.378906 0.135937
0 0.907031 0.011719 0.085938 0.011719 0.085938 0.020313 0.907031 0.020313
0 0.086719 0.485156 0.098437 0.485156 0.098437 0.098437 0.086719 0.098437
0 0.162500 0.020313 0.112500 0.020313 0.112500 0.037500 0.162500 0.037500
0 0.154688 0.101562 0.115625 0.101562 0.115625 0.121875 0.154688 0.121875
