1 0.445703 0.398828 0.663281 0.469531
1 0.084766 0.267969 0.039844 0.242187
1 0.426563 0.141016 0.628125 0.046094
1 0.421484 0.251953 0.602344 0.194531
1 0.518359 0.285547 0.808594 0.255469
1 0.526953 0.169141 0.807031 0.010156
1 0.266016 0.326562 0.322656 0.378125
1 0.493359 0.401953 0.777344 0.500781
1 0.235547 0.057031 0.217969 0.035937
1 0.423047 0.501953 0.567969 0.657031
1 0.519531 0.535547 0.882812 0.774219
1 0.191797 0.400391 0.149219 0.535156
1 0.522266 0.434766 0.866406 0.516406
1 0.369922 0.362500 0.505469 0.406250
1 0.464453 0.266016 0.719531 0.228906
1 0.321484 0.451953 0.402344 0.638281
1 0.090234 0.138281 0.047656 0.017187
1 0.168750 0.527344 0.100000 0.748438
1 0.243750 0.176172 0.243750 0.080469
1 0.460938 0.512500 0.703125 0.725000
1 0.323828 0.217578 0.438281 0.132031
1 0.208594 0.526172 0.217188 0.799219
1 0.464844 0.162891 0.723437 0.027344
1 0.326563 0.092188 0.459375 0.059375
1 0.291016 0.081641 0.335156 0.052344
1 0.074609 0.487109 0.047656 0.677344
1 0.376563 0.116406 0.515625 0.035937
1 0.225781 0.309766 0.239063 0.347656
1 0.511719 0.298047 0.929688 0.280469
1 0.187500 0.164844 0.156250 0.042188
1 0.288281 0.518750 0.420312 0.881250
1 0.260156 0.528125 0.295313 0.825000
1 0.182031 0.300000 0.145313 0.306250
1 0.025391 0.360547 0.014844 0.461719
1 0.183984 0.040625 0.133594 0.025000
1 0.114063 0.506641 0.034375 0.722656
1 0.135156 0.403906 0.064062 0.489063
1 0.489062 0.521094 0.796875 0.754687
1 0.369922 0.489844 0.505469 0.642187
1 0.510156 0.191797 0.932813 0.036719
1 0.364063 0.230469 0.534375 0.160937
1 0.384766 0.507422 0.597656 0.955469
1 0.271484 0.442578 0.333594 0.607031
1 0.231641 0.412891 0.266406 0.591406
1 0.140234 0.284766 0.046094 0.272656
1 0.318359 0.343750 0.402344 0.393750
1 0.521484 0.028906 0.871094 0.017187
1 0.278906 0.203906 0.345312 0.089063
1 0.146875 0.146875 0.056250 0.018750
