1 0.277734 0.433984 0.346094 0.614844
1 0.483984 0.501172 0.727344 0.717969
1 0.524609 0.514844 0.846094 0.754687
1 0.438281 0.115234 0.664062 0.053906
1 0.227734 0.411719 0.258594 0.598437
1 0.508594 0.263281 0.798438 0.176563
1 0.386328 0.353906 0.513281 0.339062
1 0.516797 0.385156 0.811719 0.464062
1 0.386328 0.471875 0.538281 0.650000
1 0.525781 0.151953 0.845313 0.005469
1 0.136328 0.275781 0.032031 0.201563
1 0.477734 0.357031 0.689844 0.445312
1 0.103906 0.113281 0.067188 0.073437
1 0.335156 0.329688 0.407813 0.334375
1 0.240625 0.295312 0.218750 0.271875
1 0.327734 0.452734 0.446094 0.652344
1 0.387500 0.085156 0.581250 0.054688
1 0.178906 0.400391 0.176563 0.566406
1 0.139844 0.373828 0.073438 0.525781
1 0.465234 0.256641 0.702344 0.147656
1 0.363672 0.216797 0.524219 0.086719
1 0.417187 0.224609 0.603125 0.102344
1 0.074609 0.248828 0.047656 0.188281
1 0.175000 0.280469 0.143750 0.235937
1 0.149219 0.137891 0.054688 0.071094
1 0.278516 0.313281 0.328906 0.295312
1 0.479297 0.126562 0.761719 0.009375
1 0.335547 0.202344 0.405469 0.042188
1 0.351562 0.076953 0.471875 0.049219
1 0.197266 0.146875 0.153906 0.025000
1 0.422656 0.473438 0.657813 0.721875
1 0.511719 0.280859 0.929688 0.202344
1 0.509766 0.412500 0.941406 0.475000
1 0.271094 0.178516 0.335938 0.035156
1 0.235937 0.163281 0.228125 0.004687
1 0.255078 0.034766 0.282031 0.021094
1 0.017188 0.086328 0.009375 0.055469
1 0.507422 0.400000 0.955469 0.487500
1 0.394531 0.309375 0.695312 0.487500
