3 0.12255859375 0.04296875 0.115234375 0.083984375
3 0.11962890625 0.11328125 0.10546875 0.0830078125
3 0.11865234375 0.208984375 0.1357421875 0.123046875
3 0.12158203125 0.29052734375 0.0771484375 0.068359375
1 0.1162109375 0.365234375 0.107421875 0.095703125
1 0.11279296875 0.4423828125 0.1171875 0.10546875
1 0.12158203125 0.52978515625 0.119140625 0.09375
3 0.12060546875 0.60107421875 0.1083984375 0.0966796875
3 0.11767578125 0.681640625 0.09765625 0.0966796875
1 0.119140625 0.75927734375 0.0888671875 0.0810546875
1 0.11669921875 0.8408203125 0.1103515625 0.1005859375
3 0.12060546875 0.93408203125 0.1015625 0.0849609375
2 0.35498046875 0.7861328125 0.05078125 0.056640625
0 0.59814453125 0.80322265625 0.09765625 0.0859375
3 0.603515625 0.86474609375 0.087890625 0.064453125
2 0.35205078125 0.0185546875 0.05078125 0.033203125
3 0.35595703125 0.07373046875 0.1162109375 0.1103515625
1 0.359375 0.14453125 0.109375 0.064453125
3 0.35595703125 0.2158203125 0.08984375 0.0966796875
3 0.35595703125 0.2861328125 0.123046875 0.0859375
3 0.3564453125 0.36328125 0.08203125 0.08203125
3 0.36181640625 0.42626953125 0.1328125 0.0791015625
1 0.35546875 0.49462890625 0.1201171875 0.0947265625
3 0.35888671875 0.5703125 0.1318359375 0.1005859375
1 0.359375 0.63134765625 0.134765625 0.0771484375
3 0.36181640625 0.7119140625 0.1279296875 0.0966796875
3 0.36279296875 0.84765625 0.1044921875 0.0908203125
3 0.361328125 0.9208984375 0.103515625 0.080078125
1 0.35693359375 0.9736328125 0.109375 0.0498046875
1 0.798828125 0.03564453125 0.111328125 0.0703125
1 0.798828125 0.08935546875 0.1005859375 0.0830078125
3 0.79296875 0.15185546875 0.099609375 0.080078125
1 0.81005859375 0.220703125 0.10546875 0.087890625
3 0.80126953125 0.287109375 0.083984375 0.0693359375
1 0.8017578125 0.35791015625 0.0927734375 0.080078125
3 0.8076171875 0.42041015625 0.095703125 0.0830078125
2 0.8056640625 0.49609375 0.0390625 0.0400390625
3 0.80419921875 0.56201171875 0.11328125 0.107421875
1 0.8173828125 0.642578125 0.1162109375 0.0810546875
1 0.81298828125 0.71435546875 0.1240234375 0.1044921875
1 0.81201171875 0.79443359375 0.123046875 0.0986328125
2 0.8076171875 0.8564453125 0.0654296875 0.0390625
0 0.8056640625 0.9150390625 0.091796875 0.076171875
3 0.58740234375 0.92431640625 0.15625 0.09765625
1 0.59033203125 0.73681640625 0.1494140625 0.115234375
1 0.5869140625 0.6611328125 0.1494140625 0.1123046875
3 0.5810546875 0.533203125 0.1083984375 0.0869140625
3 0.5751953125 0.59716796875 0.0791015625 0.0498046875
1 0.58837890625 0.4833984375 0.125 0.10546875
3 0.583984375 0.40234375 0.1435546875 0.12109375
1 0.587890625 0.32958984375 0.1494140625 0.107421875
3 0.5751953125 0.27099609375 0.12890625 0.0810546875
0 0.58056640625 0.2060546875 0.11328125 0.0654296875
1 0.58349609375 0.138671875 0.1220703125 0.115234375
1 0.5859375 0.06201171875 0.1240234375 0.087890625
1 0.578125 0.01806640625 0.1025390625 0.03515625