1 0.8271484375 0.05224609375 0.1328125 0.0859375
1 0.8291015625 0.125 0.12109375 0.1083984375
1 0.83837890625 0.208984375 0.130859375 0.123046875
1 0.84521484375 0.28759765625 0.1220703125 0.1025390625
3 0.6025390625 0.01953125 0.0732421875 0.037109375
2 0.6044921875 0.07275390625 0.0947265625 0.08984375
1 0.60302734375 0.1337890625 0.119140625 0.0888671875
1 0.60693359375 0.2099609375 0.1005859375 0.095703125
1 0.6123046875 0.275390625 0.0703125 0.068359375
1 0.36279296875 0.25732421875 0.1181640625 0.0927734375
1 0.36669921875 0.17724609375 0.12109375 0.0927734375
1 0.3681640625 0.10302734375 0.119140625 0.1025390625
3 0.37548828125 0.03564453125 0.1064453125 0.0703125
2 0.1376953125 0.13330078125 0.0869140625 0.0986328125
1 0.13232421875 0.203125 0.0908203125 0.080078125
3 0.1318359375 0.25732421875 0.1015625 0.09765625
3 0.126953125 0.072265625 0.1025390625 0.0888671875